1.510064 40
1.752519 1040
1.754183 1040
1.997662 1040
1.999326 1040
2.00099 1040
2.002654 1040
2.242462 1040
2.244126 1040
2.24579 1040
2.247454 1040
2.249118 1040
2.250782 1040
2.252446 1040
2.25411 1040
2.487262 1040
2.488926 1040
2.49059 1040
2.492254 1040
2.493918 1040
2.495582 1040
2.497246 1040
2.49891 1040
2.500574 1040
2.502238 1040
2.503902 1040
2.505566 1040
2.50723 1040
2.508894 1040
2.510558 1040
2.512222 1040
2.732062 1040
2.733726 1040
2.73539 1040
2.737054 1040
2.738718 1040
2.740382 1040
2.742046 1040
2.74371 1040
2.745374 1040
2.747038 1040
2.748702 1040
2.750366 1040
2.75203 1040
2.753694 1040
2.755376 1040
2.757136 1040
2.758896 1040
2.760656 1040
2.762416 1040
2.764176 1040
2.976862 1040
2.979193 1040
2.981525 1040
2.983856 1040
2.986187 1040
2.988519 1040
2.991422 1040
2.993753 1040
2.996085 1040
2.998416 1040
3.000176 1040
3.001936 1040
3.003696 1040
3.005456 1040
3.007216 1040
3.008976 1040
3.224565 1040
3.469662 1040
3.471326 1040
3.714462 1040
3.716126 1040
3.71779 1040
3.719454 1040
3.721118 1040
3.722782 1040
3.959262 1040
3.961593 1040
3.963925 1040
3.965589 1040
3.967253 1040
3.968917 1040
3.970581 1040
4.206965 1040
4.208629 1040
4.210293 1040
4.211957 1040
4.213621 1040
4.215285 1040
4.216949 1040
4.218613 1040
4.220277 1040
4.221941 1040
4.452062 1040
4.454393 1040
4.456725 1040
4.459056 1040
4.461387 1040
4.463719 1040
4.46605 1040
4.468382 1040
4.470713 1040
4.472377 1040
4.474041 1040
4.696862 1040
4.699765 1040
4.702667 1040
4.70557 1040
4.708473 1040
4.711376 1040
4.714279 1040
4.71661 1040
4.719513 1040
4.721845 1040
4.723509 1040
4.725173 1040
4.941662 1040
4.945136 1040
4.948039 1040
4.951513 1040
4.954987 1040
4.95789 1040
4.961365 1040
4.964267 1040
4.96717 1040
4.970073 1040
4.972405 1040
4.974736 1040
4.9764 1040
5.186462 1040
5.189936 1040
5.19341 1040
5.196885 1040
5.20093 1040
5.203833 1040
5.207879 1040
5.210782 1040
5.214256 1040
5.21773 1040
5.220633 1040
5.222965 1040
5.225867 1040
5.227531 1040
5.431262 1040
5.434736 1040
5.438782 1040
5.442256 1040
5.446302 1040
5.449776 1040
5.453822 1040
5.456725 1040
5.46077 1040
5.464245 1040
5.467719 1040
5.470622 1040
5.473525 1040
5.475856 1040
5.676062 1040
5.677726 1040
5.679536 1040
5.683582 1040
5.687627 1040
5.691673 1040
5.695147 1040
5.699193 1040
5.702667 1040
5.706713 1040
5.710187 1040
5.714233 1040
5.717136 1040
5.72061 1040
5.723513 1040
5.920862 1040
5.923193 1040
5.924857 1040
5.926521 1040
5.92957 1040
5.934187 1040
5.938233 1040
5.941707 1040
5.945753 1040
5.949227 1040
5.953273 1040
5.957319 1040
5.961365 1040
5.964267 1040
5.968313 1040
5.971216 1040
6.165662 1040
6.168565 1040
6.170896 1040
6.173227 1040
6.174891 1040
6.176702 1040
6.181319 1040
6.185365 1040
6.188839 1040
6.192885 1040
6.19693 1040
6.200976 1040
6.205022 1040
6.209067 1040
6.21197 1040
6.216016 1040
6.21949 1040
6.410462 1040
6.413936 1040
6.416839 1040
6.419742 1040
6.422073 1040
6.423737 1040
6.425401 1040
6.429022 1040
6.433067 1040
6.436542 1040
6.440587 1040
6.444633 1040
6.448679 1040
6.452725 1040
6.45677 1040
6.460245 1040
6.46429 1040
6.467765 1040
6.655262 1040
6.658736 1040
6.66221 1040
6.665685 1040
6.668587 1040
6.670919 1040
6.67325 1040
6.674914 1040
6.676725 1040
6.68077 1040
6.684816 1040
6.688862 1040
6.692907 1040
6.696953 1040
6.700999 1040
6.705045 1040
6.708519 1040
6.712565 1040
6.71661 1040
6.900062 1040
6.903536 1040
6.907582 1040
6.911056 1040
6.91453 1040
6.917433 1040
6.920336 1040
6.922667 1040
6.924331 1040
6.925995 1040
6.929045 1040
6.93309 1040
6.937136 1040
6.941182 1040
6.945227 1040
6.949273 1040
6.953319 1040
6.957365 1040
6.96141 1040
6.965456 1040
7.144862 1040
7.148336 1040
7.152382 1040
7.156427 1040
7.159902 1040
7.163376 1040
7.166279 1040
7.169182 1040
7.171513 1040
7.173845 1040
7.177319 1040
7.181365 1040
7.18541 1040
7.189456 1040
7.194073 1040
7.198119 1040
7.202165 1040
7.20621 1040
7.210256 1040
7.214302 1040
7.389662 1040
7.393136 1040
7.397182 1040
7.401799 1040
7.405273 1040
7.408747 1040
7.412222 1040
7.415125 1040
7.418027 1040
7.42093 1040
7.424976 1040
7.429022 1040
7.433067 1040
7.437113 1040
7.44173 1040
7.445776 1040
7.449822 1040
7.453867 1040
7.457913 1040
7.461959 1040
7.634462 1040
7.637936 1040
7.641982 1040
7.646599 1040
7.650645 1040
7.654119 1040
7.657593 1040
7.661067 1040
7.664542 1040
7.667445 1040
7.67149 1040
7.675536 1040
7.679582 1040
7.683627 1040
7.688245 1040
7.69229 1040
7.696336 1040
7.700382 1040
7.704427 1040
7.708473 1040
7.879262 1040
7.882736 1040
7.886782 1040
7.891399 1040
7.895445 1040
7.89949 1040
7.902965 1040
7.906439 1040
7.910485 1040
7.913387 1040
7.917433 1040
7.921479 1040
7.925525 1040
7.930142 1040
7.934187 1040
7.938233 1040
7.942279 1040
7.946325 1040
7.950942 1040
7.954987 1040
8.124062 1040
8.127536 1040
8.131582 1040
8.136199 1040
8.140245 1040
8.14429 1040
8.148336 1040
8.15181 1040
8.155856 1040
8.15933 1040
8.163376 1040
8.167422 1040
8.171467 1040
8.176085 1040
8.18013 1040
8.184176 1040
8.188222 1040
8.192267 1040
8.196885 1040
8.20093 1040
8.368862 1040
8.372336 1040
8.376382 1040
8.380999 1040
8.385045 1040
8.38909 1040
8.393136 1040
8.397182 1040
8.401227 1040
8.404702 1040
8.408747 1040
8.412793 1040
8.416839 1040
8.421456 1040
8.425502 1040
8.429547 1040
8.433593 1040
8.437639 1040
8.442256 1040
8.446302 1040
8.613662 1040
8.617136 1040
8.621182 1040
8.625799 1040
8.629845 1040
8.63389 1040
8.637936 1040
8.641982 1040
8.646599 1040
8.650073 1040
8.654119 1040
8.658165 1040
8.66221 1040
8.666827 1040
8.670873 1040
8.674919 1040
8.678965 1040
8.68301 1040
8.687627 1040
8.691673 1040
8.858462 1040
8.861936 1040
8.865982 1040
8.870599 1040
8.874645 1040
8.87869 1040
8.882736 1040
8.886782 1040
8.891399 1040
8.895445 1040
8.89949 1040
8.903536 1040
8.907582 1040
8.912199 1040
8.916245 1040
8.92029 1040
8.924336 1040
8.928382 1040
8.932999 1040
8.937045 1040
9.103262 1040
9.106736 1040
9.110782 1040
9.115399 1040
9.119445 1040
9.12349 1040
9.127536 1040
9.131582 1040
9.136199 1040
9.140245 1040
9.14429 1040
9.148336 1040
9.152382 1040
9.156999 1040
9.161045 1040
9.16509 1040
9.169136 1040
9.173182 1040
9.177799 1040
9.181845 1040
9.348062 1040
9.351536 1040
9.355582 1040
9.360199 1040
9.364245 1040
9.36829 1040
9.372336 1040
9.376382 1040
9.380999 1040
9.385045 1040
9.38909 1040
9.393136 1040
9.397182 1040
9.401799 1040
9.405845 1040
9.40989 1040
9.413936 1040
9.417982 1040
9.422599 1040
9.426645 1040
9.592862 1040
9.596336 1040
9.600382 1040
9.604999 1040
9.609045 1040
9.61309 1040
9.617136 1040
9.621182 1040
9.625799 1040
9.629845 1040
9.63389 1040
9.637936 1040
9.641982 1040
9.646599 1040
9.650645 1040
9.65469 1040
9.658736 1040
9.662782 1040
9.667399 1040
9.671445 1040
9.837662 1040
9.841136 1040
9.845182 1040
9.849799 1040
9.853845 1040
9.85789 1040
9.861936 1040
9.865982 1040
9.870599 1040
9.874645 1040
9.87869 1040
9.882736 1040
9.886782 1040
9.891399 1040
9.895445 1040
9.89949 1040
9.903536 1040
9.907582 1040
9.912199 1040
9.916245 1040
