1.620681 40
1.865824 1040
1.868155 1040
2.110624 1040
2.112955 1040
2.115287 1040
2.117618 1040
2.355424 1040
2.357755 1040
2.360087 1040
2.362418 1040
2.36475 1040
2.367081 1040
2.369984 1040
2.372315 1040
2.600224 1040
2.602555 1040
2.604887 1040
2.607218 1040
2.60955 1040
2.611881 1040
2.614784 1040
2.617115 1040
2.619447 1040
2.621778 1040
2.623538 1040
2.625298 1040
2.627058 1040
2.628818 1040
2.630578 1040
2.632338 1040
2.845024 1040
2.847355 1040
2.849687 1040
2.852018 1040
2.85435 1040
2.856681 1040
2.859584 1040
2.861915 1040
2.864247 1040
2.866578 1040
2.868338 1040
2.870098 1040
2.871858 1040
2.873618 1040
2.875378 1040
2.877138 1040
2.882327 1040
3.089824 1040
3.092727 1040
3.09563 1040
3.098533 1040
3.101435 1040
3.104338 1040
3.107241 1040
3.110144 1040
3.113047 1040
3.11595 1040
3.118281 1040
3.120613 1040
3.124658 1040
3.126418 1040
3.128178 1040
3.337824 1040
3.582624 1040
3.584955 1040
3.827424 1040
3.829755 1040
3.832087 1040
3.834418 1040
3.83675 1040
3.839081 1040
4.072224 1040
4.075127 1040
4.07803 1040
4.080361 1040
4.082693 1040
4.085024 1040
4.087355 1040
4.320224 1040
4.322555 1040
4.324887 1040
4.327218 1040
4.32955 1040
4.331881 1040
4.334213 1040
4.336544 1040
4.338875 1040
4.341207 1040
4.565024 1040
4.567927 1040
4.57083 1040
4.573733 1040
4.576635 1040
4.579538 1040
4.582441 1040
4.584773 1040
4.587675 1040
4.590007 1040
4.59291 1040
4.809824 1040
4.813298 1040
4.816201 1040
4.819675 1040
4.82315 1040
4.826053 1040
4.829527 1040
4.83243 1040
4.835333 1040
4.838235 1040
4.840567 1040
4.842898 1040
5.054624 1040
5.058098 1040
5.061573 1040
5.065047 1040
5.069093 1040
5.071995 1040
5.076041 1040
5.078944 1040
5.082418 1040
5.085893 1040
5.088795 1040
5.091127 1040
5.09403 1040
5.299424 1040
5.302898 1040
5.306944 1040
5.310418 1040
5.314464 1040
5.317938 1040
5.321984 1040
5.324887 1040
5.328933 1040
5.332407 1040
5.335881 1040
5.338784 1040
5.341687 1040
5.344018 1040
5.544224 1040
5.547698 1040
5.551744 1040
5.55579 1040
5.559835 1040
5.56331 1040
5.567355 1040
5.57083 1040
5.574875 1040
5.57835 1040
5.582395 1040
5.585298 1040
5.588773 1040
5.591675 1040
5.789024 1040
5.791355 1040
5.793687 1040
5.797733 1040
5.80235 1040
5.806395 1040
5.80987 1040
5.813915 1040
5.81739 1040
5.821435 1040
5.825481 1040
5.829527 1040
5.83243 1040
5.836475 1040
5.839378 1040
6.033824 1040
6.036727 1040
6.039058 1040
6.04139 1040
6.044864 1040
6.049481 1040
6.053527 1040
6.057001 1040
6.061047 1040
6.065093 1040
6.069138 1040
6.073184 1040
6.07723 1040
6.080133 1040
6.084178 1040
6.087653 1040
6.278624 1040
6.282098 1040
6.285001 1040
6.287904 1040
6.290235 1040
6.292567 1040
6.297184 1040
6.30123 1040
6.304704 1040
6.30875 1040
6.312795 1040
6.316841 1040
6.320887 1040
6.324933 1040
6.328407 1040
6.332453 1040
6.335927 1040
6.523424 1040
6.526898 1040
6.530373 1040
6.533847 1040
6.53675 1040
6.539081 1040
6.541413 1040
6.544887 1040
6.548933 1040
6.552978 1040
6.557024 1040
6.56107 1040
6.565115 1040
6.569161 1040
6.573207 1040
6.576681 1040
6.580727 1040
6.584773 1040
6.768224 1040
6.771698 1040
6.775744 1040
6.779218 1040
6.782693 1040
6.785595 1040
6.788498 1040
6.79083 1040
6.793161 1040
6.797207 1040
6.801253 1040
6.805298 1040
6.809344 1040
6.81339 1040
6.817435 1040
6.821481 1040
6.825527 1040
6.829573 1040
6.833618 1040
7.013024 1040
7.016498 1040
7.020544 1040
7.02459 1040
7.028064 1040
7.031538 1040
7.034441 1040
7.037344 1040
7.039675 1040
7.042007 1040
7.045481 1040
7.049527 1040
7.053573 1040
7.057618 1040
7.062235 1040
7.066281 1040
7.070327 1040
7.074373 1040
7.078418 1040
7.082464 1040
7.257824 1040
7.261298 1040
7.265344 1040
7.269961 1040
7.273435 1040
7.27691 1040
7.280384 1040
7.283287 1040
7.28619 1040
7.289093 1040
7.293138 1040
7.297184 1040
7.30123 1040
7.305275 1040
7.309893 1040
7.313938 1040
7.317984 1040
7.32203 1040
7.326075 1040
7.330121 1040
7.502624 1040
7.506098 1040
7.510144 1040
7.514761 1040
7.518807 1040
7.522281 1040
7.525755 1040
7.52923 1040
7.532704 1040
7.535607 1040
7.539653 1040
7.543698 1040
7.547744 1040
7.55179 1040
7.556407 1040
7.560453 1040
7.564498 1040
7.568544 1040
7.57259 1040
7.576635 1040
7.747424 1040
7.750898 1040
7.754944 1040
7.759561 1040
7.763607 1040
7.767653 1040
7.771127 1040
7.774601 1040
7.778647 1040
7.78155 1040
7.785595 1040
7.789641 1040
7.793687 1040
7.798304 1040
7.80235 1040
7.806395 1040
7.810441 1040
7.814487 1040
7.819104 1040
7.82315 1040
7.992224 1040
7.995698 1040
7.999744 1040
8.004361 1040
8.008407 1040
8.012453 1040
8.016498 1040
8.019973 1040
8.024018 1040
8.027493 1040
8.031538 1040
8.035584 1040
8.03963 1040
8.044247 1040
8.048293 1040
8.052338 1040
8.056384 1040
8.06043 1040
8.065047 1040
8.069093 1040
8.237024 1040
8.240498 1040
8.244544 1040
8.249161 1040
8.253207 1040
8.257253 1040
8.261298 1040
8.265344 1040
8.26939 1040
8.272864 1040
8.27691 1040
8.280955 1040
8.285001 1040
8.289618 1040
8.293664 1040
8.29771 1040
8.301755 1040
8.305801 1040
8.310418 1040
8.314464 1040
8.481824 1040
8.485298 1040
8.489344 1040
8.493961 1040
8.498007 1040
8.502053 1040
8.506098 1040
8.510144 1040
8.514761 1040
8.518235 1040
8.522281 1040
8.526327 1040
8.530373 1040
8.53499 1040
8.539035 1040
8.543081 1040
8.547127 1040
8.551173 1040
8.55579 1040
8.559835 1040
8.726624 1040
8.730098 1040
8.734144 1040
8.738761 1040
8.742807 1040
8.746853 1040
8.750898 1040
8.754944 1040
8.759561 1040
8.763607 1040
8.767653 1040
8.771698 1040
8.775744 1040
8.780361 1040
8.784407 1040
8.788453 1040
8.792498 1040
8.796544 1040
8.801161 1040
8.805207 1040
8.971424 1040
8.974898 1040
8.978944 1040
8.983561 1040
8.987607 1040
8.991653 1040
8.995698 1040
8.999744 1040
9.004361 1040
9.008407 1040
9.012453 1040
9.016498 1040
9.020544 1040
9.025161 1040
9.029207 1040
9.033253 1040
9.037298 1040
9.041344 1040
9.045961 1040
9.050007 1040
9.216224 1040
9.219698 1040
9.223744 1040
9.228361 1040
9.232407 1040
9.236453 1040
9.240498 1040
9.244544 1040
9.249161 1040
9.253207 1040
9.257253 1040
9.261298 1040
9.265344 1040
9.269961 1040
9.274007 1040
9.278053 1040
9.282098 1040
9.286144 1040
9.290761 1040
9.294807 1040
9.461024 1040
9.464498 1040
9.468544 1040
9.473161 1040
9.477207 1040
9.481253 1040
9.485298 1040
9.489344 1040
9.493961 1040
9.498007 1040
9.502053 1040
9.506098 1040
9.510144 1040
9.514761 1040
9.518807 1040
9.522853 1040
9.526898 1040
9.530944 1040
9.535561 1040
9.539607 1040
9.705824 1040
9.709298 1040
9.713344 1040
9.717961 1040
9.722007 1040
9.726053 1040
9.730098 1040
9.734144 1040
9.738761 1040
9.742807 1040
9.746853 1040
9.750898 1040
9.754944 1040
9.759561 1040
9.763607 1040
9.767653 1040
9.771698 1040
9.775744 1040
9.780361 1040
9.784407 1040
9.950624 1040
9.954098 1040
9.958144 1040
9.962761 1040
9.966807 1040
9.970853 1040
9.974898 1040
9.978944 1040
9.983561 1040
9.987607 1040
9.991653 1040
9.995698 1040
9.999744 1040
